0.0051
31.2585
14.8124
13.7262
16.0572
21.2043
17.1885
11.8918
14.4639
13.9006
13.5707
14.2355
14.2767
14.0269
12.6991
14.7202
13.4687
14.3469
13.7548
14.3499
14.4022
13.7253
13.8133
14.1599
18.2851
14.7976
16.886
13.5822
12.8854
13.5631
14.7495
13.5607
13.9167
13.962
13.6451
14.6009
12.6813
12.1711
13.7229
15.4287
13.1475
14.1516
16.8357
16.6069
14.9773
14.9858
14.5284
14.5112
14.2336
14.9188
16.4028
16.9168
15.1411
16.7559
14.784
20.2708
16.7572
15.7872
15.5615
15.8751
17.3205
15.7949
15.1566
16.3487
16.6367
15.35
14.3799
14.8401
18.9258
15.0663
14.5904
14.5753
15.4933
15.2293
15.6564
14.9519
15.4247
16.3734
15.2908
14.5559
14.7084
16.2994
18.3374
14.9262
15.4063
15.3062
14.9759
14.4114
14.8385
15.6172
13.6806
12.6501
14.0539
14.032
15.3117
17.3609
20.1483
15.297
17.8355
16.5927
15.1094
17.9451
15.2631
14.7331
15.1606
14.7059
15.1684
16.4879
14.9903
16.947
17.7925
16.9285
13.5472
16.45
15.6643
14.9724
14.7272
14.377
14.9773
16.5206
15.3417
14.9729
17.153
15.7002
14.4631
14.642
14.8131
17.6626
16.144
14.738
15.4257
15.395
16.8851
14.1552
15.288
17.0503
17.1876
16.2098
17.3267
14.3309
16.724
14.5761
14.4343
14.6232
16.4891
18.2384
14.0343
15.5325
18.1528
14.9391
14.6066
14.1287
14.7047
17.4065
14.9094
16.5221
14.1019
15.2592
15.3082
14.7754
14.5196
18.5257
19.9729
18.8104
17.6135
16.3619
17.4209
17.0243
14.362
18.747
14.4736
15.2455
13.6188
14.9906
17.5938
13.6806
13.8485
14.2397
15.4789
13.7506
14.4147
15.3167
14.1096
13.8413
13.0375
13.869
13.6504
15.2996
16.0778
16.3901
14.2228
13.7619
14.9864
13.5602
13.6979
13.4307
16.6453
16.8283
16.57
12.3307
13.2443
15.773
13.8796
14.3422
12.057
14.1502
14.0794
12.79
13.5219
13.6865
14.3471
12.6885
13.2994
14.5747
14.6912
13.4797
12.395
13.7508
14.1226
14.7822
12.1876
13.6657
13.9287
13.6472
13.6235
13.0629
12.4562
13.0665
13.1812
12.7241
13.1742
12.0802
11.8589
12.7141
13.4356
17.9146
12.3589
11.8315
12.5498
12.1192
11.8163
12.901
11.9397
11.9503
11.7249
11.8259
13.5481
10.3593
12.2163
12.0014
10.892
12.9255
12.3973
12.1625
11.4208
11.2594
9.773
10.2047
12.8186
11.5681
13.9283
11.8587
11.1968
13.7871
11.0425
11.0745
12.7355
10.5798
16.6776
13.821
11.1301
11.1914
9.4757
11.0799
10.3805
12.1325
9.2078
10.2915
9.5636
11.6703
9.8808
10.5625
9.8108
9.7845
9.9289
8.8558
10.6813
9.897
11.7194
9.0663
11.1598
8.9302
10.2065
10.5022
9.974
9.2556
9.5564
10.2634
9.5551
10.6801
9.3058
8.5796
9.3151
9.2516
8.5362
10.1545
9.6231
11.0693
12.4846
11.3545
12.0283
9.2153
10.9192
9.0551
8.6871
9.3708
8.5819
10.6395
12.4679
9.926
10.8018
9.5701
12.4449
8.8735
10.6489
8.6057
13.9759
12.3755
8.2251
9.9908
11.0416
12.6338
9.3655
11.7034
10.4756
8.1886
9.9635
14.1131
13.3407
11.4341
8.3098
7.7475
10.3495
8.6428
8.9044
10.2948
9.4005
10.0425
9.0984
8.4462
11.3969
13.2435
8.19
10.5626
12.4919
11.8178
12.9846
9.8574
10.404
9.7747
8.8127
9.317
8.7691
9.8138
12.7433
9.5277
8.8027
8.299
8.4087
7.8551
11.4492
11.3734
8.5851
73.9927
9.4258
8.6125
9.9633
10.0297
9.2371
8.9734
9.0003
8.4851
11.7636
8.2912
8.4224
14.0433
9.4266
8.7571
8.7502
8.3036
9.5977
10.8342
15.4064
14.5211
14.8166
15.1573
13.9336
14.5956
8.7451
9.9637
10.6317
10.7491
13.0164
12.2926
9.0681
8.5301
8.9084
9.6902
9.357
8.6745
9.4905
8.7918
8.5193
8.3901
10.3938
8.9202
8.7208
11.8109
8.352
10.1587
8.8339
8.3143
7.9799
13.181
9.1691
8.4688
9.3841
12.8398
11.0553
9.9508
9.463
10.0566
8.1101
11.4712
8.8928
8.2294
9.8983
10.5549
8.3676
9.3614
9.7332
9.0208
9.1842
8.9796
8.4573
9.8557
9.365
9.0887
11.6675
8.1317
8.9481
10.3698
9.6316
9.4461
9.6115
8.3609
10.5239
10.3477
10.9778
12.5564
8.6688
9.3122
9.4373
9.3541
8.279
8.8517
9.704
9.0902
8.7122
8.9298
9.648
11.5455
9.4461
11.2991
9.117
8.6094
7.8834
9.7399
9.9679
10.2005
8.8538
7.9608
8.812
9.0613
8.9654
7.9563
10.5434
8.9559
8.8278
8.3245
10.6539
8.6444
8.5194
12.3655
8.2306
9.5604
9.0664
8.6658
9.53
8.7957
8.2481
8.8534
12.6814
13.631
13.4552
10.5182
9.413
8.4218
9.7067
8.5642
9.0134
8.0264
9.7575
9.6198
9.0385
10.8989
8.4334
8.5813
9.9726
8.8846
8.6726
12.0171
8.9215
9.5692
9.1744
8.5653
8.7768
9.3027
8.9863
8.1269
9.9095
8.5798
11.2195
8.7571
8.2842
8.477
10.6464
10.7224
10.3956
8.8931
8.1725
10.8012
9.7379
8.9721
8.8264
8.7655
10.5566
9.9802
8.3841
10.021
9.3737
8.6835
9.2997
8.8322
8.0693
8.1812
9.0746
11.5257
9.5007
12.1006
9.8771
8.7544
8.3055
10.7403
9.3535
10.124
8.6765
8.3488
9.0675
10.4892
9.2412
9.791
8.6227
7.8148
8.8036
9.8195
8.8657
9.6297
12.0364
9.03
9.4389
10.5132
9.6203
9.1764
8.1476
11.9283
9.279
9.95
10.2559
8.0794
9.7442
9.4224
9.2409
9.4382
8.7996
9.1224
9.5849
10.0534
8.6519
9.7059
9.3534
8.0009
9.2189
9.7174
12.7616
9.1575
8.4933
9.9089
9.0555
8.5803
9.4374
8.7562
8.4221
10.0745
9.1257
8.6284
8.0826
9.9211
9.0705
8.5602
12.8747
10.4739
11.0389
10.0054
9.129
12.7276
12.7045
9.8394
8.9911
11.2986
11.094
10.1327
10.9678
10.9202
10.574
10.7812
11.4926
11.5053
10.8721
12.6962
11.4181
11.4147
11.6862
12.0195
15.3804
13.153
15.1943
15.6964
12.9699
13.2681
14.8797
13.3149
12.9187
13.3635
13.5795
14.2834
15.2976
13.1213
15.0536
16.2778
15.2403
14.3767
14.1696
14.1768
13.8564
13.5326
13.7358
14.2058
13.9413
13.5116
13.9441
13.948
17.2581
14.3801
18.6984
17.0665
14.7091
15.414
14.3391
14.3165
13.9474
14.5475
14.1136
14.2935
14.8741
15.4975
12.6612
17.4266
17.2569
16.4468
15.7974
14.675
16.5177
14.8483
15.1979
15.9416
15.7534
18.5618
16.2762
16.1534
15.2603
21.1603
15.792
15.2915
16.0084
17.4405
15.6819
15.647
16.495
16.5619
15.6209
16.0532
15.2764
15.662
19.8718
16.8273
15.2974
16.6337
16.2818
15.1968
15.5579
15.3893
17.8637
17.7782
18.1173
16.1918
15.8555
18.5027
16.115
16.0324
16.3128
15.686
15.9846
17.1424
16.5573
16.0804
13.772
13.2284
16.3261
18.3215
15.6766
14.1203
17.1857
15.4361
18.723
15.4505
15.5439
13.6323
13.746
14.1068
19.1349
15.6793
14.6135
13.3982
16.9561
16.2188
14.5754
14.4396
13.0874
12.5208
14.5114
14.3797
13.6444
15.2174
12.79
14.1824
13.4613
14.5986
15.242
16.6065
14.4859
14.3718
13.6869
13.8484
14.8903
12.744
16.5429
13.5281
13.2575
14.1533
12.8767
14.1018
13.3064
15.5239
18.0582
14.3891
16.9987
16.0643
15.1995
14.2934
13.4243
14.418
14.5802
14.266
13.3674
14.2599
14.198
15.8521
13.6276
13.1849
13.0769
15.2901
12.8826
15.3532
12.6394
12.5441
13.1046
15.3952
13.0169
13.5149
12.5921
14.5831
15.2439
14.0079
12.5869
13.631
15.4133
12.8056
12.9673
14.0615
13.6174
15.4695
12.5431
12.7609
13.9465
14.0126
13.7965
13.5788
14.8403
13.4625
13.6162
15.5118
12.4689
14.1806
14.0445
14.0525
14.2953
12.6868
13.9196
14.6338
14.1745
13.4529
13.6558
15.0772
14.3973
11.9538
14.1084
14.0288
13.126
13.7604
14.5895
13.7787
14.0086
14.0296
13.2874
14.7445
12.9903
14.3595
14.938
15.0677
13.4143
11.688
13.7544
14.7349
13.6716
14.0325
13.2821
15.132
14.3944
13.2472
13.3394
14.0007
14.3835
16.523
14.6353
11.9628
11.9523
13.7692
13.3945
15.7781
11.5574
14.2762
14.9928
13.0622
14.888
12.8272
14.4202
13.5673
15.0368
14.1156
13.1532
14.2592
12.9497
15.0016
12.6211
15.9169
14.811
12.7787
14.375
11.7395
15.3544
14.7108
13.311
13.6063
13.7234
14.0588
12.969
15.2162
13.5409
12.4217
15.6063
12.3182
15.2326
12.4377
15.691
14.0794
11.9929
15.6505
12.3798
14.7757
15.0211
13.1124
13.6226
13.5102
14.5266
11.3807
16.7549
14.5643
10.9867
16.2698
11.6544
15.5775
13.6143
12.4129
15.5823
14.3608
14.0209
10.831
16.1221
13.9538
11.7522
15.6369
11.855
15.5739
15.2203
14.0581
12.7387
12.0696
15.7159
12.7345
15.0583
14.7592
12.5543
14.3792
11.6016
15.8824
14.1087
12.2122
15.7535
12.8181
14.7035
12.2595
15.8227
14.6953
11.4587
15.8756
12.5879
14.4321
15.1279
13.2671
13.5679
14.2137
12.9859
12.9015
15.4841
14.7222
13.8283
13.0603
12.5012
14.5512
14.8737
11.0962
15.7965
13.7012
13.9213
11.6691
16.2903
13.8641
11.7989
15.1034
12.4455
15.3692
13.833
12.4011
15.6987
12.7239
15.6891
12.1616
14.1912
13.5134
13.2221
14.7529
13.9747
13.6593
13.5748
12.6872
11.654
13.6918
13.6791
12.3196
10.0684
12.8317
11.3435
10.0926
8.695
10.7491
9.4043
10.1022
8.7917
25.4637
16.1153
15.213
16.9361
11.5588
13.4658
10.2373
9.342
8.535
10.0178
10.7566
8.9163
13.301
13.7183
10.8
12.3702
8.8526
8.5391
8.4168
11.7074
8.2693
9.5171
13.8654
9.7786
8.189
9.615
9.4227
8.3272
10.1781
8.9399
11.9863
10.5431
9.7422
9.0609
8.298
8.5428
10.5916
12.0714
9.1302
8.557
8.3044
9.1561
11.5131
11.0868
9.8304
8.991
8.7786
8.5752
8.1222
9.6017
10.1773
10.4991
9.8027
10.7876
8.7472
8.2944
8.3469
9.7922
8.1267
10.3055
9.1147
9.7549
7.8505
8.1171
11.0151
8.9302
9.4431
8.5739
8.2344
8.4446
9.4882
9.412
8.1999
8.0204
9.7275
10.5619
9.8103
8.7583
8.5793
10.107
12.2627
9.4056
8.4372
9.0465
9.4329
8.9014
8.403
11.7012
10.7802
9.2241
8.569
7.8811
9.0164
10.316
13.2496
7.8795
11.2087
11.3451
8.7067
9.1758
9.3716
7.7433
8.1169
10.0445
8.546
9.1283
9.119
9.6777
8.1864
8.2035
9.1175
8.573
8.2276
8.657
9.0831
9.2027
8.2777
7.8486
9.2726
10.6657
11.3065
9.4245
8.0945
9.0808
8.4528
8.1663
8.696
8.9605
10.9789
8.1844
10.3127
9.4657
9.8418
9.0534
8.7727
8.2681
11.3677
8.7446
9.1465
9.3635
8.1797
8.0781
11.9109
9.4532
10.7057
7.903
9.1337
11.1926
8.0536
8.5745
8.7325
9.4255
8.4846
7.9743
9.2314
8.7834
7.8084
8.9784
9.3248
7.8693
9.6479
9.5335
8.925
8.4665
8.0015
10.0002
10.1746
8.5509
12.4387
8.2577
9.2649
7.8466
10.1963
10.5651
10.2632
11.4954
8.0899
10.0336
8.8291
9.1364
8.1765
8.8765
9.2459
8.7077
8.286
9.4473
8.2472
10.0664
10.1181
9.2188
11.9376
8.9104
10.4227
9.3394
9.4306
10.7294
8.4505
11.7439
8.8791
8.37
9.5265
9.1406
7.9379
8.3956
9.0332
8.7829
8.0469
8.3348
9.6978
9.3101
8.0943
7.9236
9.7088
9.8823
8.0269
9.0965
9.5155
8.5136
8.1315
10.6791
8.509
8.301
10.0947
9.9101
9.5284
9.0295
8.0268
9.0296
9.2716
8.8778
9.2896
9.4893
8.4621
8.5157
10.5179
9.1731
12.8524
10.0444
9.3082
8.881
12.6872
13.3906
10.7071
11.0085
8.3766
11.4798
9.0213
9.5496
9.4925
10.5962
11.2283
8.9408
8.1423
9.3775
8.9702
8.6962
11.9564
9.0077
10.5222
8.6316
8.3882
8.0014
12.5548
7.9277
7.9373
10.1618
8.4633
8.2673
7.9376
9.6177
8.7435
8.6017
9.1487
8.7031
8.2018
8.6044
9.6008
8.8292
9.4029
10.2036
10.9686
10.2919
8.6845
8.2842
9.3781
9.131
9.0233
8.2756
10.8202
9.3817
10.8454
8.9626
8.4756
11.213
8.9859
9.5469
8.9556
8.4229
8.3755
9.5118
9.5772
10.2685
10.6568
10.0916
9.7165
8.3104
8.0548
10.5364
8.5833
7.9525
9.2008
8.6037
8.0407
8.6121
9.2911
9.8419
8.7787
9.5887
9.4068
8.611
9.6301
8.7014
8.5343
11.0709
8.7733
8.6422
10.9157
8.5344
8.3827
9.5197
9.5059
8.3971
10.3412
10.0818
7.8998
9.9129
9.3411
8.8346
9.9638
8.9435
8.5085
9.6882
8.8194
8.2212
8.6384
8.8872
8.7813
9.112
10.1902
9.9802
13.0339
8.7803
12.5064
12.1645
13.0462
13.3632
11.0847
7.9566
8.7813
9.3504
8.056
8.6441
9.3184
8.4712
8.9564
8.1942
10.5851
8.1415
8.3092
7.7887
10.3116
10.6017
8.8832
8.2852
8.2881
8.945
8.8181
8.4387
8.6423
8.3447
10.6054
8.7346
8.3088
9.2713
8.686
8.2972
7.6351
8.0323
9.1627
8.7287
9.03
8.0069
9.1735
9.0241
8.9214
10.1581
10.0256
8.0653
10.1867
8.7784
8.0828
9.6779
8.9805
8.515
8.119
10.8142
9.452
7.8868
10.9396
8.7609
10.0215
8.8244
8.1973
7.9917
9.578
8.9011
8.5941
8.4279
10.0608
9.4627
7.9319
10.1619
8.2743
9.0628
10.2115
9.006
8.5082
9.4188
9.1901
8.1021
8.2211
9.5366
8.8011
8.1053
8.9214
10.3422
8.5007
7.9184
9.5026
10.4389
8.0336
9.8506
11.8005
8.8546
9.1967
8.8897
9.6473
13.4042
9.1104
8.1463
7.8937
9.5372
9.3849
7.958
8.5372
9.7106
8.7125
8.4922
8.0421
9.2483
8.9552
8.0326
10.8458
8.9693
8.5793
10.477
8.8087
8.3275
9.6448
9.7723
8.1878
8.0657
9.3187
9.2285
8.7599
9.8798
8.8192
8.2049
10.1852
9.8277
8.5995
9.5784
9.3905
9.0302
9.6591
11.1974
8.9089
9.6461
9.2496
9.0657
8.448
8.6111
8.2645
9.8033
9.1284
8.5293
9.6733
9.0289
8.4666
8.0506
9.0272
9.4112
8.1722
8.6329
9.5491
9.243
8.3392
10.7902
12.3061
9.3307
12.6491
9.2822
8.0308
11.1945
13.4852
9.7641
7.9472
11.077
8.8814
7.8938
10.2098
9.2372
8.64
9.8512
10.3273
9.0911
8.4231
8.6297
10.7421
8.6871
8.3827
12.3515
10.0782
9.1556
9.5095
8.8911
9.5891
10.182
10.2196
9.1148
8.4799
8.3114
9.057
8.4747
8.5801
12.2976
8.7151
7.8123
9.8332
10.331
10.3158
8.8705
12.2019
10.9981
9.3266
8.8395
8.5705
7.9892
9.7276
11.4022
9.0328
8.4723
9.914
12.1192
9.4271
8.8603
9.5136
8.1841
8.2972
11.8459
8.5308
8.8099
8.87
9.3865
9.9479
12.2499
11.5324
8.6383
9.2979
8.708
8.8513
9.744
8.5868
8.5138
8.1365
8.2206
11.302
11.4199
8.8428
7.813
8.7821
9.2129
9.8987
8.6051
8.9686
9.1447
8.0026
11.7319
13.4762
9.7955
8.3661
9.4297
8.7584
7.7223
8.151
9.337
8.7344
8.3074
7.8842
7.834
10.4787
8.2605
8.4135
7.921
9.4312
8.4483
7.8252
8.2761
9.2276
8.9971
11.9891
12.2067
9.8703
9.2713
8.0842
9.4784
8.6973
11.8901
9.4032
8.3624
8.2757
10.508
8.6035
8.2936
9.4158
9.8937
10.2027
8.6829
8.9333
8.508
9.0957
9.0709
11.5809
12.3284
9.3472
9.0533
8.5492
9.6312
11.3325
12.323
8.4491
9.4863
9.2484
7.9779
8.6335
9.1609
8.8911
8.2414
8.414
8.8054
9.6509
7.91
9.6509
9.0679
12.3282
13.1256
9.152
8.4305
8.0152
11.4714
9.6449
10.6703
8.5264
8.5511
9.3707
9.1721
9.9331
12.2508
8.1015
9.7883
9.2328
8.0263
7.924
9.2493
8.832
10.1376
11.6699
8.5838
9.1568
8.6173
8.3105
11.6753
9.0267
8.999
8.6453
9.8665
7.9213
8.4049
9.7281
9.8721
7.9743
8.8937
9.0314
7.99
7.5117
8.5789
10.4974
10.3724
10.7819
12.7007
8.8379
11.7501
8.8106
11.3581
8.7257
9.3604
9.4834
8.927
10.1494
10.1333
8.8396
8.0057
9.4125
9.3697
7.9616
7.8203
7.7202
8.8932
8.9162
7.7925
8.8409
10.3273
11.3725
14.1872
