0.0071
25.2882
30.9067
28.3447
30.1448
29.1042
28.1326
27.5277
36.9227
27.5169
33.5459
30.2054
31.4461
30.4205
32.1358
35.0134
31.2855
28.4892
28.5205
27.3341
28.359
28.7223
27.6158
32.3577
29.1107
29.313
30.5218
27.9615
29.3423
29.2918
27.3658
107.802
28.5291
28.8249
30.1051
30.6073
30.097
29.3718
28.8875
27.2881
29.4556
30.7971
28.5396
29.4429
30.7052
26.0755
25.3469
27.6729
29.5531
31.5128
27.3107
27.1932
30.202
28.46
28.8922
28.8434
30.7336
27.1596
29.0931
29.1089
28.6164
27.3583
29.1776
30.4999
29.1158
32.1153
37.2267
33.4913
29.5581
31.6389
30.9738
33.3612
28.0661
27.9658
27.2767
31.2377
29.9516
32.5166
28.4576
31.0758
39.6795
34.1117
29.7168
32.8885
31.7766
28.4938
27.3845
27.2115
30.8913
26.6938
28.456
27.4653
22.7749
23.7957
23.901
26.9768
24.3716
21.6593
24.6959
28.769
22.8527
21.9464
23.7142
23.9814
24.3467
22.9839
22.4727
22.7511
25.3064
23.83
23.8722
22.2118
25.5504
25.1294
23.3929
23.0154
25.0069
29.4734
23.0687
23.6088
21.8718
22.4705
27.2354
22.0474
22.2642
24.4705
21.2609
23.8663
24.2744
24.5328
22.8443
24.4928
22.6674
24.0538
25.6635
31.0794
28.0954
25.9094
22.6959
23.8044
21.7107
22.1093
26.5533
44.5981
24.5037
28.0349
22.1662
22.0159
27.5384
25.189
28.3092
24.8922
23.6459
23.2437
21.2575
24.9937
26.5667
21.4288
28.3072
26.8365
23.1139
21.9991
23.6803
22.1339
22.9181
23.2991
25.9281
28.7527
24.1663
23.8198
25.1196
24.0319
29.3108
23.1467
23.187
21.7066
23.0385
20.2776
21.2329
20.248
22.4032
21.5483
20.1148
21.2059
88.9898
23.9729
21.484
22.3067
21.3199
25.9336
23.7715
21.6474
25.3149
25.0124
21.2601
20.7824
24.2457
20.7499
21.7571
22.9218
24.4798
26.0049
24.1797
21.7421
22.2009
22.0707
25.541
27.8004
24.2067
30.4796
35.3801
30.8079
27.2484
27.543
30.1354
23.3894
25.993
29.2
23.3068
21.6063
23.8829
25.7732
25.7505
26.9995
28.6912
31.7273
29.6331
28.6746
30.1764
26.1114
27.88
29.6894
32.785
26.7192
33.4324
30.6485
29.2359
29.3174
28.2288
28.322
27.0082
28.1122
23.7771
25.9537
25.8716
28.6347
25.0153
25.6403
28.2415
26.3328
27.1636
26.4446
25.726
27.3195
25.9758
27.4737
27.3143
28.8784
29.7908
27.8359
28.8799
24.1279
30.8653
26.6645
25.7173
26.4881
28.4328
27.1708
26.2387
27.1671
26.5624
30.1296
26.1506
23.9257
31.1922
30.252
28.649
29.2855
27.8119
26.925
28.0103
27.4952
25.803
24.7534
27.6195
25.438
25.073
26.053
25.7361
24.5761
27.54
28.6377
28.3866
29.707
27.4484
27.1143
27.7717
27.8303
26.7669
23.0965
27.7762
30.8041
29.9259
28.2649
29.3104
31.2111
30.7126
35.8666
31.4959
33.855
34.0046
33.4563
31.897
33.9094
34.5832
34.0037
33.1741
39.4159
37.2138
41.3505
41.6081
44.5928
43.3295
38.2917
43.7721
40.6307
36.0496
35.2657
38.4621
33.1169
38.8683
34.7419
35.1327
32.8604
34.6852
36.0861
33.3054
35.5629
36.0023
37.1527
32.7715
33.0442
41.273
35.0174
36.586
36.032
33.9382
35.8815
35.3103
24.7468
33.6338
33.8722
33.2402
31.1597
37.7712
27.2649
30.747
34.6752
34.084
31.3264
31.3883
32.919
28.9983
30.1789
32.6214
30.0617
30.1626
30.9747
31.3274
33.4629
33.5952
28.9938
32.7657
27.3909
33.293
31.8942
29.8572
26.7805
27.0389
29.7275
32.4487
28.7061
29.4449
31.2742
29.7763
29.7958
31.3776
29.0848
31.6084
29.3084
29.1555
29.3797
31.0278
33.3591
30.2159
33.6324
32.0923
30.3675
31.6502
31.981
29.6732
31.5245
31.1605
27.186
28.043
30.5546
31.5725
28.8475
29.3544
31.5359
31.6489
30.6294
32.558
25.9825
29.373
32.3212
30.2183
28.6324
28.8384
27.3722
31.6956
29.7441
30.5196
28.612
31.853
30.2714
30.7486
26.762
30.0423
27.8016
29.4629
29.7686
29.1502
28.9171
31.15
31.152
29.1351
28.1131
30.7745
28.1162
28.4449
28.9336
27.5342
31.2166
30.9696
27.9929
28.0961
28.4312
28.8143
29.2539
28.6209
31.984
33.5417
33.2792
26.4644
29.3595
31.2886
24.6938
27.4889
37.7991
30.6099
30.9948
30.0837
29.7063
31.6587
27.8512
29.3001
25.4842
29.914
27.0116
27.5046
27.0364
28.6282
30.8815
28.3634
29.9429
29.058
30.2157
28.727
29.2845
28.6501
25.3204
27.4188
26.5142
25.2207
24.8941
23.7992
27.0616
28.7907
27.0746
27.5144
25.6194
25.7256
22.4364
24.0761
24.5631
26.9061
26.4915
27.5615
25.9729
26.3247
24.2744
26.6726
23.484
28.33
28.6806
24.3911
24.8841
22.4503
27.2955
27.9394
25.1
26.929
27.575
24.6742
27.7951
26.8888
26.3606
23.5022
28.3541
26.553
25.3022
24.8084
25.3419
26.635
23.9418
25.0376
26.6819
28.0903
26.3252
26.4952
24.7752
27.965
24.5734
25.5964
25.7662
26.8304
25.3976
21.9873
22.3392
23.6994
25.588
23.9548
22.7162
27.1603
27.2029
104.709
27.5146
30.1119
29.8076
28.2256
24.7953
22.2665
23.8651
26.3843
25.9136
27.3185
27.9061
29.5521
26.3582
24.6581
22.8292
26.0549
25.9616
24.8498
24.6745
27.4333
25.921
23.9854
24.7289
29.1235
24.9625
25.8911
21.3976
22.5207
25.1385
24.4104
23.8903
22.7812
24.5689
22.6967
23.9876
22.9062
24.1482
25.9259
25.7492
27.5566
25.0422
28.2497
22.1404
22.9762
27.4504
23.9517
23.874
25.1085
25.5115
24.798
23.804
25.4946
27.4332
26.5623
25.2285
21.4618
24.8024
24.9783
20.5015
24.1063
23.7274
21.2544
24.6276
22.0211
23.4422
26.3863
25.7817
25.0357
25.204
25.879
24.9666
24.1808
22.1632
21.5211
24.9035
21.6894
21.8479
22.3838
23.7793
23.4271
26.5232
21.6228
24.257
18.9151
23.3422
23.3526
23.3469
25.5022
24.4337
25.6815
24.7013
22.9551
21.0082
23.5797
24.5763
22.7647
23.2131
22.4839
22.5493
23.2752
24.5115
22.7435
22.6238
24.491
18.8742
19.6548
24.0786
22.8411
18.74
21.2512
23.8152
23.6338
24.8904
21.7046
22.5944
22.1181
24.8806
25.5875
24.3628
23.4278
19.9184
24.4863
22.5886
23.3664
25.4452
29.628
30.3944
25.3028
25.5789
25.3712
21.7895
26.7826
25.042
28.473
27.4281
25.2688
24.8762
24.8248
24.09
25.3326
23.2215
23.5385
28.9069
24.799
25.1924
20.0841
25.4141
24.4479
24.0843
23.6437
30.1745
24.5414
26.2095
24.4247
26.7233
24.8877
25.7019
25.1019
25.0735
23.8482
26.0846
19.2661
23.032
26.9491
25.9016
26.6737
25.8222
25.7747
25.5802
24.2434
24.0372
21.6563
24.2711
24.7793
27.3893
28.1833
