0.0003
670.606
9.6333
3.4429
13.1435
31.6663
16.6385
17.6483
17.3536
17.7393
16.1717
14.0619
16.2075
16.3761
16.8116
16.624
17.6125
15.6892
16.5483
16.6465
16.8089
18.148
15.953
16.3018
16.2812
16.9165
16.8307
16.1815
16.8307
16.6905
16.6385
16.767
17.9977
15.3363
17.7291
15.7528
16.3624
16.7587
16.6873
16.5356
17.5245
15.9021
16.5771
16.8195
19.1147
16.8767
15.1927
16.1281
15.7757
17.1939
16.7564
16.0732
17.9314
16.0811
15.908
16.807
16.7632
16.9123
16.7348
16.6322
16.3655
16.911
17.0162
16.0253
17.4268
17.0271
17.1769
16.1201
15.6306
16.6063
17.1356
16.6226
16.4938
17.1513
16.6649
16.4065
16.3374
16.5709
16.9161
16.7105
16.262
17.0273
16.6367
16.6277
16.9792
17.6366
15.8558
16.3283
16.9534
16.5937
16.4064
16.963
17.4814
16.6488
15.9374
16.6303
16.5847
16.9355
16.7301
16.6787
18.3782
15.8496
15.5866
17.504
15.8308
16.6842
16.9107
16.3576
16.3075
16.9155
16.8873
16.2686
18.8469
15.769
15.8643
17.4111
15.4882
16.9323
16.813
16.4338
18.1391
15.1601
17.7229
15.8331
18.9112
15.118
16.1036
16.4124
16.8462
16.4748
16.5829
17.0808
17.4192
15.9558
16.485
17.6509
17.3814
15.7752
15.9485
16.7298
19.081
15.7532
15.0628
18.0953
14.9363
17.0471
16.1567
18.2608
17.5791
16.6311
15.415
16.2078
16.3434
16.7165
16.6512
16.8738
16.5673
16.9724
16.5958
16.1062
18.1482
16.7772
16.1925
15.7509
16.8724
16.432
17.0597
16.551
16.8163
16.8471
17.8643
15.3273
17.0087
16.9809
17.5572
16.2912
17.9501
14.284
16.4421
19.2294
17.2488
13.7866
16.1792
16.756
17.3279
16.1705
18.4989
16.1953
18.3917
13.828
16.4728
16.7929
17.1519
16.1141
16.4561
16.5643
17.0043
16.246
17.8617
16.7589
17.3987
15.0105
16.5491
16.6126
16.8538
16.8807
16.616
16.3323
17.2432
16.4128
16.6876
16.1792
18.3408
15.4185
16.6327
16.408
17.5559
16.1537
17.4836
16.1345
18.6195
14.4325
16.543
16.5795
18.3181
16.6695
16.526
16.0137
17.4925
15.3771
16.7604
15.7694
17.8511
16.1113
16.5633
16.3362
18.3163
17.3156
17.771
16.1618
15.7899
15.3187
18.8138
16.6575
17.4382
13.4737
19.5055
14.4698
17.0038
15.5759
19.2114
15.7017
16.7422
15.2588
17.2171
16.2402
16.7941
16.6717
17.5848
15.8003
16.668
16.1829
16.9226
18.4077
16.8125
27.5969
5.6417
16.7828
16.284
17.5404
14.0628
17.9897
15.9894
16.3594
16.3799
18.2542
16.8256
15.8677
17.7061
15.775
16.1257
16.1053
16.8351
16.6353
16.8751
16.7096
16.3082
17.0968
16.6711
16.6473
16.6605
16.8934
16.6097
16.3778
17.1698
18.205
16.1217
16.9765
16.47
16.6453
18.2162
16.3771
15.2324
18.1402
13.3336
17.4356
16.4594
16.2153
17.1251
17.5552
15.7789
16.4791
17.6778
18.4542
14.8282
15.8952
16.7619
16.497
16.9172
16.1985
16.8706
16.5604
16.5801
16.9682
17.1426
17.766
17.2419
16.6521
16.875
14.8928
16.2675
16.6948
19.4776
13.7136
16.6056
16.7851
16.4772
16.4834
18.8993
17.6021
14.1424
16.6738
18.2326
15.0726
18.8249
14.6133
16.2343
17.8387
17.4259
15.2952
16.9631
16.139
19.1211
14.4626
16.0163
16.9493
16.5952
16.646
16.6189
16.7264
16.7772
16.3329
17.0581
16.6505
16.558
16.5644
16.4376
17.1467
16.5779
16.3011
16.9212
16.3563
16.6876
16.9769
16.808
16.2473
16.7467
16.516
17.0247
16.2983
17.7151
16.2607
16.0424
16.873
16.9981
16.3016
17.0165
16.2137
17.8003
16.0978
16.4044
16.5262
16.9304
16.3383
16.7269
16.6875
17.2034
16.4546
16.8329
16.26
16.8298
17.0077
16.446
16.7896
18.4794
15.7941
15.5974
16.8481
16.642
16.3222
16.8484
16.5606
16.7006
17.1303
17.3218
15.6491
17.3689
16.2438
16.5603
16.3342
17.1565
16.4721
17.3153
16.0928
17.0621
16.3879
16.6543
51.1164
6.866
11.7977
17.8573
6.5483
10.1909
15.5154
16.2505
15.3818
16.8914
14.8448
17.3899
15.8561
17.3615
16.189
16.2525
16.8377
17.2983
16.1347
16.6269
16.7424
16.8598
16.6853
16.1974
16.4251
16.9099
17.021
16.4444
16.7915
17.6239
15.8033
16.5168
16.5187
16.7713
17.0844
16.8376
16.4998
17.2211
16.3281
17.2056
16.5471
15.6496
16.5408
17.0143
16.4524
17.1108
16.7755
15.8481
16.9242
16.6393
16.9434
17.0611
16.5335
16.6423
16.4592
17.0455
16.4109
16.6356
16.7015
16.6433
16.6645
18.514
15.0992
17.7129
16.9554
17.7082
14.4055
17.743
14.8709
16.5613
17.0465
16.7286
16.8066
16.404
16.6083
16.4564
16.9553
19.5963
17.2741
14.6733
14.9944
18.0837
15.6324
18.5934
15.4097
18.6545
14.0156
17.6194
15.3491
19.2084
15.9543
16.0409
15.8606
17.6915
15.8827
16.8149
16.7606
19.5025
13.1436
20.0733
14.0947
16.8274
17.4326
15.2827
16.3286
16.4236
17.2877
16.7385
16.3199
18.263
15.4447
16.3092
16.6572
18.1185
15.3633
18.6427
17.445
14.389
16.5338
18.9434
16.2001
15.7105
16.1802
15.9539
16.7652
19.6609
13.537
18.552
18.9192
14.2305
14.8051
18.6978
16.4963
14.9284
16.9457
16.4568
16.7469
17.4003
15.9767
17.6466
15.6776
17.9364
16.2579
16.4123
16.1825
17.871
17.9221
15.4225
14.889
17.298
16.4244
17.1019
16.6909
17.5283
18.0103
15.7484
15.1761
16.8157
16.3059
16.801
16.7114
18.1779
15.5096
18.2457
17.0853
15.431
17.9836
16.7472
15.2574
17.5059
16.5475
15.9894
15.7933
16.206
16.6566
17.2895
16.4524
16.1884
16.8662
17.7766
18.1399
17.1529
13.7059
17.0367
16.8834
16.0257
16.6385
16.9302
16.7191
18.0848
14.9808
16.857
16.5809
18.9943
16.1418
17.5045
14.5938
16.1412
16.4767
17.4297
16.1665
16.2775
17.4948
16.3964
16.7642
17.7038
15.5258
16.4811
18.4972
16.1571
15.2143
17.1079
16.2677
18.4479
15.4456
16.6339
16.3669
16.6763
16.6565
16.3397
19.7599
17.3046
16.0928
16.1614
15.167
17.5816
16.5059
16.4101
17.9277
17.5305
17.3456
15.1992
15.7426
17.084
15.2174
16.6314
16.5241
17.9987
15.6281
16.6046
16.3626
16.7093
18.9186
15.7975
16.6032
16.5068
15.5975
17.7711
15.7
16.8043
16.3079
18.0473
15.3698
17.475
16.4533
16.4432
19.3663
14.7512
15.7475
17.5444
15.8014
17.3541
16.4242
16.8405
16.6154
16.9575
16.742
15.572
18.8469
16.587
14.7688
16.6568
16.7227
16.4873
16.7655
16.6303
16.5195
18.2652
15.424
17.6561
17.2554
16.7101
15.691
17.262
16.4032
15.4864
16.7543
16.7514
18.4831
14.6256
17.4635
16.112
16.9343
17.6022
16.1685
15.6794
18.0558
15.6504
18.5106
15.1494
15.766
17.8688
17.4285
15.1373
18.2697
14.9708
18.5635
17.3493
15.5239
16.9941
16.5689
15.1238
16.2044
20.7497
15.7427
15.7305
15.5311
16.0421
16.8435
18.6875
15.2272
17.7715
16.3021
15.5165
16.2709
16.4089
16.9667
16.5229
17.7019
15.6379
17.1328
16.3022
17.0638
16.4501
16.7503
16.393
16.549
16.228
17.4938
17.7204
18.0617
14.105
18.2931
15.3095
18.3879
15.0581
16.7115
18.9664
14.1046
16.8305
16.3931
17.1846
16.3166
18.0734
15.5846
17.4867
16.0675
15.9099
17.0087
17.1858
16.0972
16.5686
17.5734
17.3755
15.0349
18.5489
16.8505
15.4329
17.8424
18.294
17.6632
15.5458
16.1439
16.9585
15.845
14.2548
17.5917
17.0479
16.7989
17.3835
15.3556
16.5016
18.2789
18.0611
15.2299
15.7642
18.0965
18.5551
15.0608
18.6551
15.757
15.2122
16.2406
16.5278
16.3848
18.217
15.3529
16.701
16.496
15.0721
17.8154
17.5706
15.3052
17.0441
15.9762
16.9216
18.2036
17.7122
17.758
17.3232
13.6216
16.4864
15.2868
17.8198
14.8681
18.8752
16.4652
15.8906
15.6318
18.7374
16.502
15.3806
17.3528
18.1294
16.2531
16.4963
15.6242
16.1173
17.2085
16.1726
17.1353
16.2132
19.9519
15.3144
14.9631
16.7254
18.288
15.1515
16.8015
16.7908
15.8248
19.3786
14.9149
16.808
16
18.2714
16.5565
15.4554
17.498
17.055
15.8198
16.2791
17.4148
17.0375
15.801
16.5164
17.2187
15.8794
18.4219
15.2456
16.7398
16.4649
16.7538
17.1695
15.2271
19.4964
29.2455
20.1754
16.2511
16.5972
22.754
12.1859
18.3418
21.5943
17.0563
10.9219
17.2714
13.8087
48.0696
33.5652
33.497
33.5294
16.1732
17.8577
15.782
17.8329
15.4868
17.2685
15.6438
18.1411
18.4279
13.3922
17.9341
16.852
17.7109
15.2911
16.6147
15.7002
17.9017
15.9838
17.1032
15.6932
18.0824
15.4072
16.5442
18.1919
16.3905
17.6666
17.2329
15.3964
16.3852
17.5137
16.4141
16.7726
16.2004
17.3091
16.9429
19.0037
16.1442
15.5042
15.2173
15.8914
16.7603
17.5519
16.2322
16.7637
15.6988
17.2847
15.6909
17.502
18.6926
15.4425
16.5145
15.9665
16.1134
18.8022
15.4731
17.4663
15.9959
16.6724
16.8234
15.7089
18.6659
17.2849
15.6788
15.8515
16.3997
16.8841
16.1126
16.8884
16.8291
17.0162
16.5857
16.1539
17.1701
18.2432
17.0256
14.5236
16.8958
16.5549
17.6051
15.5733
17.3306
16.5023
16.5831
16.1064
17.6535
15.8281
17.6001
16.5979
15.5906
18.1211
15.5467
16.4297
17.0554
16.501
16.6081
16.6484
16.2043
16.9885
16.7909
18.6407
15.2436
16.35
17.5821
15.9403
16.2187
16.9455
16.7933
16.8517
17.0011
16.0162
16.4891
17.7254
16.0133
16.5098
15.7706
17.4103
16.8586
16.4258
17.1451
16.1949
17.2457
16.1637
17.1292
15.8494
17.569
16.9953
15.8468
18.9603
14.6433
16.5589
16.9507
16.2086
15.848
18.1802
16.2417
16.3013
18.2781
16.1834
15.71
16.6872
16.7164
16.1244
18.509
15.0786
17.7847
15.8633
17.0469
16.8752
16.7516
17.8392
14.9092
16.6258
15.9385
17.7022
16.7424
15.2583
17.5997
16.913
16.4734
17.0323
15.7681
16.9968
18.1681
16.8026
15.5939
16.7987
15.7339
17.2028
15.8809
17.447
15.8827
17.3181
17.9715
15.2006
18.7298
15.5154
16.0056
16.716
17.3015
16.0412
16.4829
17.2402
16.3741
17.0491
16.8876
16.8085
17.0313
16.4194
15.8947
16.2914
17.5923
16.0517
17.2134
16.3677
16.4894
17.1112
16.3701
16.2534
16.1093
17.0102
17.7738
16.4057
16.9621
16.1493
16.9995
16.1068
16.7562
16.7524
17.631
15.5896
16.9847
16.1756
19.5506
13.9016
16.8303
16.6335
16.9153
16.7089
15.5542
18.5404
16.075
16.4453
17.7845
15.4235
16.5655
17.0938
16.9097
15.8499
17.1881
16.7524
16.4961
16.5333
17.2916
16.1577
16.6545
16.9818
15.5407
16.9898
16.919
17.3563
16.5667
16.5799
16.4903
16.5656
16.9108
16.5327
