0.0032
24.6241
24.5551
26.5967
26.8031
27.2938
19.5048
25.1427
19.7549
26.6457
26.6778
25.0676
22.0119
23.3265
26.747
21.3308
25.8797
26.3783
23.4306
26.0399
26.702
25.1568
30.2157
24.9798
19.8433
22.2581
22.928
29.3488
23.8112
23.5656
23.4058
29.1832
23.6615
25.6815
27.3927
26.2851
24.6483
23.4147
27.8621
27.3857
28.272
24.1292
19.7776
28.9981
25.0064
28.8934
28.7391
29.2716
26.6041
25.9622
26.4993
23.5333
26.945
26.368
26.2485
28.9937
24.2268
26.1694
26.7372
19.6984
22.5555
22.3547
24.9745
28.4006
28.6526
28.6577
28.7393
29.1381
30.3255
28.6879
30.4252
27.8255
21.2901
21.1413
27.33
27.0217
28.6167
25.5727
28.3734
27.3027
28.6384
23.6464
27.5479
29.7212
24.0486
25.5436
30.915
25.9819
30.0403
26.0039
30.6416
29.8003
24.3294
28.6571
30.6241
24.4126
30.6375
28.062
26.1812
22.467
25.4788
29.979
30.8839
26.4465
31.5166
28.4873
29.8013
33.9879
41.7111
43.2171
34.981
31.7538
29.1894
27.8456
28.5635
24.4612
29.1771
26.1987
25.6682
25.1531
22.7901
22.7836
28.1486
29.4037
27.4943
28.7179
28.34
27.2843
27.0574
29.9948
29.464
26.1476
26.5848
27.1628
25.2328
24.2082
25.7029
26.6981
29.5313
26.2869
24.4848
22.9931
19.8605
24.2373
25.9222
19.9549
23.4825
28.8405
24.8194
23.28
19.3629
20.9522
22.9129
26.6879
22.7552
20.702
24.4524
26.6321
21.9281
23.3931
25.8764
22.9639
23.2311
24.2728
24.6703
32.992
19.5355
24.7898
24.7099
27.9553
25.1703
18.7895
21.4822
21.322
20.3346
19.1522
25.5776
18.5482
21.742
22.3076
20.6633
20.7531
20.7817
22.3332
20.0018
19.1111
20.2338
18.4045
19.7505
19.8967
19.5062
21.0144
19.7109
21.6188
21.7307
17.4388
18.1385
74.5576
16.3288
17.701
16.3677
17.3616
19.4811
17.8621
16.9749
18.9188
19.6099
21.0281
17.1764
16.2611
16.2898
16.5562
16.9458
17.6715
18.0748
15.9548
15.8665
15.8432
17.0621
16.2682
16.3492
16.8354
17.3446
15.8926
16.5567
16.0784
18.1785
18.5028
16.1657
15.4453
15.9983
15.7465
15.6711
15.5835
15.731
15.8259
16.2869
15.7617
16.4586
16.2599
16.814
16.3941
15.9958
15.7295
15.4273
16.5063
15.4387
15.6674
15.5097
15.6989
15.3379
15.5509
17.5519
16.7863
16.3575
15.6891
15.0351
15.2588
14.8768
15.3975
15.0119
15.7476
15.6506
15.889
16.1898
15.6787
17.7723
15.1843
15.5537
15.4811
16.3939
15.7299
15.6915
15.2111
15.6597
15.2866
15.3487
15.9659
15.2372
16.0865
18.8887
15.452
15.4563
15.4585
15.7184
16.0007
15.57
15.9977
16.1785
15.9129
15.7873
16.2333
15.9216
18.1567
16.2118
16.0543
15.7887
15.9393
15.2388
15.0036
15.3798
16.8519
15.2581
15.4349
15.6433
16.5966
17.8433
16.5013
15.3317
15.0452
17.0134
16.6029
15.7489
15.3951
16.4716
15.6537
16.7784
15.8812
16.936
19.2819
16.2316
16.6233
16.2908
16.132
16.4837
16.0569
16.6761
16.2896
16.512
16.1191
16.2964
16.6539
18.4192
16.4384
16.6418
16.8333
17.2677
16.9434
17.551
16.2769
16.5465
16.8612
16.6097
17.4786
17.5099
19.4088
16.6468
17.5111
16.7703
18.061
16.6776
17.9472
17.863
17.0042
16.4817
17.0813
16.7347
18.7423
18.1004
17.694
17.4449
17.0517
16.9819
17.8196
17.3909
17.6444
18.3896
17.4665
18.0627
22.4295
18.4556
18.0506
19.0619
20.1255
18.4151
20.8755
18.1661
18.6593
17.9355
19.0889
22.9582
23.6815
19.5958
21.0694
20.0394
20.2665
23.0607
20.73
29.567
23.3714
20.0218
21.5387
22.7609
21.2008
22.4463
22.3437
22.0237
21.3983
22.5811
24.4683
22.0522
24.674
21.319
22.6095
23.0921
21.9979
21.8275
21.7119
21.7866
25.1671
21.8595
21.4302
24.339
22.6511
21.0919
21.7942
20.9027
22.3879
24.5815
21.5392
21.1634
21.3983
22.1765
21.2147
22.3475
20.4945
20.7211
20.3281
22.6951
24.5395
21.3539
21.664
23.0934
22.8455
25.7011
22.0676
22.0347
28.688
25.5311
23.0403
24.206
25.3046
24.9243
23.1895
24.1271
26.4668
23.0384
20.9019
21.8337
25.5097
22.2547
25.3815
23.3082
22.7936
27.642
24.2403
26.468
21.859
22.7842
22.9702
23.3466
28.9999
22.3034
24.3985
20.833
20.9431
21.2672
21.1247
23.0904
25.3084
20.8393
21.094
21.6585
23.4084
22.759
43.5666
19.1446
23.586
29.458
25.463
24.5652
28.3726
27.1696
39.839
42.3465
57.5064
37.0368
32.3154
24.741
30.8711
30.822
30.8436
27.2459
28.9808
38.6474
29.2634
30.0368
30.1702
34.1036
31.4714
34.9488
32.767
32.7704
32.2706
30.6213
33.3945
31.0142
27.1746
26.0579
22.3196
33.4612
24.1536
26.4063
30.8613
28.3295
24.8525
25.3928
23.0541
26.4798
24.9302
22.6345
26.2111
25.9375
25.8708
26.4771
23.3464
28.9682
23.2709
22.6003
26.7596
28.6852
24.6471
23.3826
23.6324
28.5716
27.5679
23.2956
22.7799
25.7446
23.7696
23.0272
25.3088
23.8419
26.4402
27.4285
22.3564
23.8302
27.1888
28.9402
31.0564
25.5104
27.9316
32.5902
29.6818
24.5648
28.5001
25.3096
27.9752
27.7037
28.7414
27.5332
24.1679
28.9371
28.3283
30.2247
28.72
32.4909
33.4774
110.441
28.9848
25.5002
26.9183
27.7033
25.7712
23.7106
25.6345
25.6487
26.0157
25.6898
26.3622
24.1826
24.5721
23.3071
25.9467
20.2739
22.6365
23.4489
22.3678
26.1783
25.4163
21.4826
24.9826
23.3771
19.5445
24.8209
23.7249
24.7142
25.7
23.8696
22.9761
20.8352
24.6474
22.0717
21.7076
21.7288
20.4646
28.2206
22.0544
23.4238
23.2815
22.5725
23.5417
19.0687
22.189
22.0499
23.1034
21.3473
22.4267
22.9947
23.0567
20.3704
20.5614
20.777
19.3966
21.5221
21.4281
21.0965
23.1807
23.1048
19.444
21.9078
23.985
23.529
22.0733
23.2198
21.0708
21.7484
20.8282
20.4136
21.7391
19.0806
21.6431
18.9436
20.277
23.5375
20.0533
20.9283
22.2051
22.2146
21.8543
22.3108
20.0315
20.3954
19.4137
22.9092
21.4942
21.1225
22.977
21.2682
22.0044
21.6591
22.012
17.7421
18.8981
22.9359
21.4327
20.2879
20.9673
22.3891
19.1361
19.2882
20.1502
18.992
20.3058
19.5784
20.763
19.6241
19.939
21.3169
19.4698
18.9343
19.2
19.8984
17.0289
20.4759
20.6432
22.1998
20.2951
21.3374
19.6705
17.4142
18.6005
18.9064
18.9644
17.105
17.8337
21.1469
19.4568
19.0635
19.7725
19.8807
19.7501
18.0764
20.5721
18.888
16.5754
21.1715
17.82
20.143
17.6506
20.4312
18.8342
16.0028
21.3317
18.879
18.0543
19.8271
18.7899
18.9105
16.3575
18.8085
19.002
19.0489
18.642
17.462
18.7808
18.9602
17.8626
18.8207
19.5653
18.0124
19.6151
19.422
17.8289
16.9587
16.2813
18.9092
17.4903
20.7597
16.3561
22.5011
17.8235
18.3263
20.1213
18.2886
18.438
17.3907
19.8753
18.6504
18.2572
18.7282
17.1895
20.7158
20.2494
17.572
18.0713
16.282
17.592
18.354
16.48
19.0546
16.3637
20.0279
21.4327
18.67
18.9406
17.5563
17.6761
14.7294
19.4204
18.138
18.9053
16.6632
15.9543
19.6865
15.84
19.4627
19.0853
14.7157
19.2291
18.1927
17.6409
17.4302
15.0407
14.9263
19.1382
19.8887
18.4019
18.8664
20.4107
18.6189
18.5437
17.6826
17.7973
17.6439
17.8534
19.4157
16.4973
17.0192
18.2242
14.8591
18.9716
18.0614
18.4649
17.556
18.7613
15.4115
15.034
18.4919
18.0778
15.8813
16.7857
17.1948
17.048
17.5136
15.8249
19.7268
18.2163
18.6287
17.5875
17.495
19.9192
19.8782
18.8566
17.9946
18.4117
19.4292
18.2524
17.3811
17.0866
18.6455
16.0794
17.9924
19.0575
18.9613
18.8039
16.0267
15.4312
18.7567
16.3808
17.562
20.1117
17.6084
19.1208
18.7595
19.1123
18.6231
18.5241
17.6829
18.7349
17.4667
18.239
18.7522
17.8617
16.8531
19.5415
20.1378
17.2944
17.3757
17.6975
19.7045
17.6984
17.5334
18.9562
18.2473
17.1998
17.3718
20.2945
18.8633
18.2888
17.4123
55.7002
44.2331
19.3099
16.5503
19.0598
16.7962
19.3342
20.4315
19.5954
16.979
15.3086
17.2647
20.1789
19.8329
19.1455
17.9085
20.39
19.5221
19.8464
19.5646
18.4713
19.1443
18.4711
17.8469
15.6358
17.9549
19.76
21.6402
19.4214
19.8367
18.481
16.9831
16.1447
19.4834
19.4485
17.1562
19.4966
15.7948
20.0366
20.8781
18.7979
19.2069
16.8969
16.8824
17.4352
17.4399
18.5451
18.4479
17.6203
