0.0032
2467.47
50.7826
21.883
20.4788
19.3312
19.4207
17.5879
19.2475
19.5872
19.5766
19.7875
18.5923
18.8683
19.3289
16.9153
17.9837
18.0958
19.0101
19.1093
17.6963
17.9265
15.6882
19.0164
16.56
15.2569
14.2833
16.8041
14.8485
17.8277
17.145
17.1139
14.6214
17.7383
14.6383
15.4314
16.8437
17.3591
12.6836
16.3101
13.9353
15.3531
15.4377
15.7218
18.1681
14.5867
13.9349
15.1347
16.4701
17.4663
14.6704
16.3388
14.998
14.7096
13.9909
14.1461
14.0235
15.0961
13.4498
14.285
14.0187
13.9954
13.3826
13.8163
14.8027
14.1553
14.371
14.3157
12.7545
13.7862
12.5317
14.0365
14.4644
14.6482
14.1761
12.1401
14.0016
12.1096
12.1412
11.9753
12.1949
13.882
11.7048
11.4957
12.7762
11.774
11.7837
12.8816
11.4587
12.6383
13.3308
11.6259
13.5178
11.8444
10.943
12.003
12.2887
10.4319
12.7515
11.3942
11.383
12.3134
10.8777
9.9774
12.3427
9.2632
9.8502
10.7266
12.3714
11.1186
11.0506
11.075
11.9782
12.1279
11.7992
10.1649
9.7543
11.7217
12.0826
11.8085
10.6619
13.1971
11.906
9.5777
9.167
10.5879
11.6475
15.3171
10.9459
12.1195
11.3896
12.351
12.5213
13.1934
11.7894
13.5462
14.2981
11.6471
13.5174
15.2371
10.4737
12.8549
11.9634
12.1151
15.2404
11.2882
11.969
7.3901
7.1494
9.5058
11.4539
11.1386
9.8928
11.6226
10.9784
9.5966
11.4048
11.9223
9.8951
9.3753
11.569
10.9901
13.8976
13.9302
12.3487
11.7219
11.3895
13.9185
13.0041
12.7616
10.152
10.8716
10.4671
9.7185
14.6294
12.3108
9.8163
10.6815
11.9929
11.1131
12.3478
12.2613
11.9555
8.9811
11.6063
9.9962
10.5881
11.8188
11.7118
11.3084
11.3758
11.364
8.3233
9.4825
89.727
10.1124
10.6355
10.0926
11.0874
9.6643
10.6961
10.3107
11.5946
9.2793
10.0316
9.4206
9.8706
9.2581
7.5709
8.9417
10.9021
8.1884
9.8164
9.0311
10.2976
8.8099
8.904
9.8178
8.6157
8.5448
10.8811
9.2142
10.0286
9.4448
11.0851
9.0536
9.6504
7.8309
8.0984
7.1544
5.5975
8.0435
7.4343
7.0368
10.4202
9.9784
6.3121
7.2484
9.3806
8.6399
9.5193
9.8568
10.0625
9.0995
9.3424
10.0269
10.0769
9.2932
9.7753
9.8852
7.8163
9.2793
10.0905
8.8301
8.1984
6.3255
9.0661
9.794
10.1683
9.9184
11.0614
10.149
9.1415
9.5246
10.095
8.1346
7.6375
8.629
11.3351
10.6066
8.7131
9.6087
7.1249
6.993
9.3408
8.6032
10.1325
9.9545
9.302
9.4337
9.2142
8.4826
9.3356
10.6808
8.172
7.9034
7.4843
7.0166
6.1095
6.6943
5.8722
7.3259
8.3983
7.3665
7.875
11.1935
8.7208
9.9288
9.0391
10.1754
9.2138
8.5535
9.4768
9.8834
9.1581
6.0135
6.6659
7.9704
8.1295
9.7839
8.5155
9.4681
9.5332
9.433
9.5662
8.6484
9.3368
7.7195
8.6264
10.0264
10.5782
10.2726
9.7464
8.0823
7.2324
6.6247
6.2743
9.6105
9.7209
10.155
9.7433
8.9379
6.6591
5.791
7.0582
6.3758
7.7867
7.8781
10.223
9.0783
9.5125
9.696
10.3849
9.3564
10.2327
10.1107
9.8477
9.0405
10.5322
9.9452
9.7062
9.256
7.4627
8.9511
11.6294
9.1137
9.6658
11.2402
7.3385
9.8871
10.2563
10.8157
10.395
10.5216
9.9029
10.4106
8.3905
9.6008
9.8482
9.167
9.8253
5.5244
6.203
8.4034
9.2334
9.1815
10.3062
9.2367
8.8087
7.292
7.5296
9.9938
10.1902
8.099
6.8126
9.1184
9.7082
9.6552
10.8465
9.643
9.5071
9.379
8.4896
9.2849
7.0167
9.8326
10.1257
8.892
9.5249
9.8705
8.9144
9.3151
8.11
6.6869
5.4051
5.9946
7.4433
7.9044
5.9033
7.614
7.1607
5.8895
5.9617
7.3356
8.8669
7.8425
9.2718
10.6102
6.965
6.9382
7.9036
5.815
8.2029
6.057
6.4943
8.0123
9.2126
10.7882
10.1704
9.1002
7.4946
10.0863
9.1781
8.9978
6.1335
7.3948
6.2019
6.9293
8.8588
6.1303
7.7504
6.852
10.182
11.5758
10.6012
8.6905
10.6026
9.1915
9.5779
10.0877
9.3677
8.1282
9.0449
8.6563
8.7903
7.1204
6.9256
9.9429
7.5551
9.8323
10.5785
8.2945
10.5311
10.9463
11.2522
10.885
11.2352
11.1103
8.9719
10.0602
10.9393
14.699
11.2221
9.7194
12.3396
11.887
9.8807
13.1578
13.5915
12.7848
13.8245
12.9384
13.0187
14.0549
13.924
11.5267
14.5694
13.6052
14.944
12.2428
14.0638
13.9559
13.538
13.8679
15.0669
15.1818
15.3546
15.1638
14.7159
15.7214
15.7773
16.0524
14.8662
14.7916
17.2865
15.5019
16.7586
15.8625
18.7666
19.6194
20.6043
19.5695
17.6694
15.5478
21.0131
18.7366
17.3345
18.1599
19.0751
15.6512
14.7416
15.4097
15.3415
18.4086
18.6085
17.0385
21.0755
17.7523
17.6277
18.2265
16.6533
17.0762
15.7651
29.2612
21.3888
17.5961
20.7057
23.638
18.3506
35.4907
17.4637
13.6507
14.7332
15.4152
15.6791
14.4746
12.593
12.4515
14.7504
12.7306
13.6512
13.5604
13.9069
13.1055
15.875
13.3935
13.9165
13.4971
14.5511
18.8933
13.9843
13.8293
13.8399
16.6397
12.5757
13.5908
14.17
13.8083
13.8753
13.5576
12.9519
12.6493
14.8999
15.2575
11.9807
13.0066
14.1292
15.8436
12.1351
15.0752
12.7195
14.2783
14.1949
13.0622
13.2408
13.909
14.731
13.2861
13.1452
14.1237
13.8394
13.5615
14.8772
13.0414
13.8688
14.6698
15.8364
11.9572
14.0188
12.5661
14.9446
13.0677
13.9245
31.3752
20.2763
28.0824
13.6541
14.71
21.5802
19.7885
17.822
19.8134
16.8072
13.6776
13.7698
13.5516
19.1903
11.9845
18.1233
14.1839
13.4806
13.6292
17.5018
20.0581
25.0365
18.6361
14.1696
15.5635
18.4421
17.5155
18.8938
13.9554
25.4902
18.6444
18.6018
14.8911
15.3406
15.3767
13.5566
17.8215
14.9232
13.2726
10.2298
12.5238
17.5763
11.5647
11.8242
11.8723
14.229
10.58
10.0457
11.5221
13.3333
11.063
10.8364
14.7753
12.034
15.1298
13.328
13.8959
13.5837
13.9371
13.7025
13.6401
15.6419
12.9167
13.2717
13.5606
11.9367
11.8505
12.9388
10.0547
11.9588
10.4587
10.4219
11.9867
13.5185
13.5865
13.4786
14.0513
14.8138
14.7287
12.2066
14.4805
14.0112
13.6637
13.7329
14.402
12.7508
13.9324
13.7752
14.1269
13.4961
10.92
10.5536
14.457
12.4163
15.5392
10.8666
11.7885
10.4939
11.744
12.1388
12.163
12.6238
13.2595
14.9986
11.383
13.2745
11.9016
11.1936
11.4208
14.1581
9.4513
11.7326
13.3963
12.1246
10.2308
10.3292
11.1705
10.1046
11.522
13.5382
11.7371
10.033
12.6781
13.1837
11.1433
10.2207
10.2019
11.0275
10.8425
10.1537
11.3891
9.2889
11.0244
9.5871
10.1817
9.2839
11.745
12.732
11.1103
10.3108
9.8898
11.0364
10.5189
10.9375
8.8803
11.081
12.17
13.7978
12.75
11.9827
16.2166
29.4425
11.0707
23.5671
12.8969
14.3591
13.4937
14.0478
13.1619
10.4604
10.5869
14.0134
13.9725
13.8828
14.9404
13.4128
13.8114
13.7226
14.2582
14.2734
13.0323
12.6004
8.6935
13.7081
14.0865
14.2415
11.6625
9.3903
12.0655
12.7726
10.9916
12.9906
11.9062
11.3483
12.2972
9.3187
9.1515
14.932
12.5592
11.7349
8.9463
12.5865
9.5056
12.7792
14.3955
13.7474
13.5909
14.2887
12.2078
10.1848
8.9777
9.2598
9.2082
12.1488
13.4131
7.7589
14.6427
15.6079
13.5003
12.167
12.4465
8.5071
12.2822
9.1699
12.0509
10.4316
9.5634
7.6781
7.2596
9.6855
8.7505
7.5077
7.4313
8.237
8.6463
8.6486
8.8612
8.2383
9.2479
8.6721
7.4454
8.8891
7.6363
8.8034
8.5907
8.897
8.3562
6.9846
8.793
9.5483
8.3863
10.6936
8.8289
7.7354
7.578
7.164
7.2518
9.1034
8.8141
8.4088
7.6855
8.0609
7.2785
9.7105
8.6182
7.9865
11.0127
11.3777
10.6314
7.4418
7.0316
7.3093
6.959
7.6721
8.0285
10.4785
9.7928
9.5341
7.974
7.6388
7.7971
7.3113
7.2113
7.2983
7.3383
10.968
8.6701
7.7523
7.487
7.9743
9.4719
8.0358
7.9995
7.1297
6.9566
8.2567
7.1077
7.2326
6.3809
6.6845
6.6372
10.5361
10.3578
11.3893
10.838
10.6711
10.8192
7.6075
8.104
7.1942
7.1712
7.111
7.4433
7.1888
7.1963
7.018
8.5314
9.9961
9.0488
10.4528
10.1417
8.1777
6.1668
6.1119
7.0262
8.3913
6.7836
6.5747
7.5332
6.3401
6.6065
8.8814
5.7758
6.6955
6.7039
6.7507
6.2426
7.1461
6.4432
9.0468
7.533
5.8088
8.7498
5.915
6.95
6.5822
5.6734
7.0337
6.9145
6.8261
6.7587
7.1581
8.4329
6.7246
6.3816
6.3482
7.2738
8.9657
6.286
6.3593
5.9429
6.4824
6.6623
8.3541
7.7802
5.8976
6.3625
6.6874
9.2144
5.8654
8.279
6.0376
7.2256
6.3231
6.8632
5.7346
6.7082
9.406
9.2108
10.8286
8.6739
10.9089
10.5973
10.8571
9.4558
8.8298
9.2992
9.9597
9.8047
8.8857
8.4262
9.3235
8.8183
10.3199
9.8608
8.6047
7.8974
6.5024
7.3588
9.3306
8.3834
8.7712
10.1872
8.1158
8.4374
8.428
7.8093
10.2763
9.6236
8.6617
10.8946
9.3223
7.686
8.563
8.096
7.6161
8.0358
10.2392
10.3744
8.7771
7.5066
6.6921
9.2438
9.4685
7.8086
6.5908
6.9727
6.2648
7.3903
5.7221
6.9981
8.1088
8.3972
10.8494
9.7367
7.3646
6.0634
6.0425
7.3398
6.2389
8.7989
5.6102
6.0473
7.4442
8.7202
7.5433
6.7419
8.8155
9.4111
8.6329
7.9666
8.9995
7.0004
8.7875
9.4927
9.4438
8.7023
9.3806
9.9716
8.9102
9.2431
9.1706
9.2263
9.2038
9.0504
6.9405
8.0935
9.7313
7.8067
9.1676
5.2096
5.5453
7.2176
5.8378
7.0234
7.0352
5.8184
7.9455
6.4079
6.9908
7.4129
6.8324
8.2668
7.3537
6.7269
6.2534
8.5416
10.1979
9.189
8.2409
6.1484
6.8605
8.1724
8.7452
9.5248
9.0682
9.4631
9.4461
8.9669
8.9817
9.2658
9.2507
7.607
8.642
9.3056
9.3974
9.7512
10.4054
9.3272
8.6377
7.8183
10.8486
8.3106
7.5434
8.3942
9.2811
9.246
7.4534
7.6213
9.5103
7.8682
9.9395
7.0344
9.6087
7.2869
6.2455
6.0081
6.4215
6.6205
7.9673
5.9647
7.1166
8.7867
7.3124
5.6806
6.92
6.9433
6.8853
11.3817
6.5195
7.0458
7.4127
7.4639
8.3489
9.7845
9.8546
7.398
7.5659
8.9875
6.4973
7.5206
10.1225
9.7641
7.6141
6.1602
8.3464
9.4776
9.6763
8.7381
17.5717
10.253
18.9723
8.6439
10.9244
10.2091
9.8335
10.8822
12.6179
8.1461
8.1087
27.4057
12.0896
10.3562
11.2329
9.016
7.9329
9.0346
6.5882
8.7329
7.5224
7.2328
6.8933
11.1947
9.2112
7.3526
8.9293
8.9477
7.9711
6.1619
12.8238
13.4197
14.4504
8.1021
7.9439
6.9019
6.8339
6.8272
6.4823
7.051
8.5078
7.1255
6.3695
6.4385
6.5077
6.981
7.5059
6.2056
7.419
8.4547
8.5995
6.8794
7.5082
7.5389
6.8726
7.0526
8.0225
7.555
6.2348
8.323
6.8812
6.6388
7.6817
9.7399
7.9492
7.3206
7.7571
7.74
7.1459
6.1444
7.721
7.3938
7.8145
6.3869
7.3925
6.8087
7.503
9.0523
7.1118
7.1947
7.5067
6.907
7.4475
8.3012
6.7984
6.9203
7.723
7.1414
7.1307
7.5506
6.9099
8.0625
10.9567
9.6176
7.1097
6.2891
6.3454
6.8801
6.775
10.2008
8.1143
8.7606
7.6481
6.9252
10.8351
9.2732
7.8586
6.8411
10.1527
9.543
8.5659
7.2205
9.8653
10.4691
9.6184
9.1054
8.7177
7.5666
7.7246
7.0778
9.369
9.1515
7.7254
10.2852
8.2218
8.0091
7.6467
7.8389
10.9988
12.4486
8.948
8.8323
7.651
7.3183
7.1765
10.4568
8.2375
8.5947
7.424
7.2928
6.9358
6.9648
6.8336
6.6051
6.9766
9.3358
8.0795
8.1654
7.733
10.1125
7.3621
7.1252
7.8663
9.0437
6.7958
6.6709
7.044
7.1675
7.2265
6.7049
6.65
7.388
7.4131
6.7848
6.5704
7.7621
7.5872
10.0372
7.3184
8.0054
7.439
6.9545
6.6193
7.1083
8.367
9.9304
7.5515
7.2162
6.8999
7.0435
7.9197
9.1855
12.1046
12.3449
12.3237
11.4338
12.3894
12.2873
10.4282
11.5851
10.8467
9.7605
9.9306
8.8193
9.9897
8.0749
7.3098
7.0047
6.3966
6.1889
7.0344
6.6477
8.7731
8.8747
7.6101
7.8648
7.1849
7.0778
7.0881
7.0497
7.0545
7.229
7.0137
8.9035
6.5228
6.3896
6.626
6.8222
7.6343
6.3725
6.8046
6.9646
7.1464
6.9229
6.7575
7.4103
6.3607
6.9434
6.8596
6.8765
7.2257
8.0729
9.7494
7.7141
6.7262
7.8285
6.973
6.972
8.2228
8.1845
6.584
7.6177
6.8614
7.5847
6.4302
6.5776
9.7726
7.6117
7.0221
7.8901
7.6806
7.2201
6.9418
6.9676
6.9262
6.9165
6.8494
6.856
7.1052
7.5624
7.1795
10.7162
7.2583
6.9476
6.7704
6.5987
6.8844
7.7386
7.1856
6.7484
6.7329
6.6498
6.6519
6.6132
7.7444
6.8533
8.536
7.222
7.8603
8.8302
8.7724
7.474
8.4858
8.3265
7.4983
7.2301
10.6208
7.2027
8.0609
7.2935
7.4432
7.687
6.4553
6.0614
7.8651
7.1052
6.1685
6.721
7.1836
6.854
6.974
6.3684
6.9818
7.0255
6.9205
7.4176
6.5296
7.3622
6.652
6.7579
7.6604
7.1891
7.574
6.5343
7.1333
6.7728
6.608
6.6562
8.2764
7.2792
7.3014
6.7396
9.2869
8.1915
7.4397
7.5732
6.9469
7.8221
6.6944
8.2932
9.099
7.3645
8.4755
7.3805
8.4114
6.7412
7.03
7.5086
7.3975
10.5444
7.7565
8.5552
7.0638
6.3484
7.3621
11.7859
9.4321
7.5378
6.8774
7.5087
9.2099
7.544
9.0326
8.2652
6.9242
6.573
10.1972
9.4501
10.8578
8.3897
9.5563
9.5097
8.0349
8.9852
9.4999
6.6585
6.9186
7.0252
11.3593
10.4204
8.526
9.8382
7.6205
9.9715
7.4017
8.1393
9.7284
11.1286
9.8892
9.8487
7.0953
7.131
6.9763
7.1371
7.0402
7.496
6.8433
7.1222
7.34
6.5076
7.3547
7.9867
6.8234
7.1987
7.9167
9.4663
8.9188
7.5916
7.0542
6.238
8.1746
6.6381
6.811
6.8872
6.6699
7.3203
7.1905
6.4013
7.1165
6.6463
6.8037
7.1628
7.6667
7.4426
6.7069
6.9523
7.2265
7.6203
9.0284
8.2141
8.716
7.515
11.1259
12.9245
7.3153
7.1725
7.0095
6.7401
6.8933
7.4646
6.6941
6.8039
6.6793
7.1842
6.662
7.0751
6.8482
8.0543
7.2741
6.7341
7.0095
7.2059
6.8239
6.8372
6.7048
6.9776
7.3365
7.1402
7.5273
7.8072
7.7255
10.1313
7.0268
7.017
6.8827
7.2882
7.6682
8.3818
6.3425
7.2991
7.9905
6.2569
6.2532
7.0417
7.0816
7.0691
7.094
6.7994
7.0124
7.7088
6.7647
6.3457
7.1004
6.804
7.2463
7.2993
6.1876
6.6164
7.1251
7.7577
8.3994
6.8029
6.3723
6.3336
7.6932
7.6677
6.1342
6.6452
6.8921
6.9324
6.1386
6.7824
6.9243
7.7885
6.6729
6.9031
6.279
6.9023
7.023
6.5229
6.7629
7.13
7.1527
6.9629
6.8014
7.3932
6.7895
6.8649
7.0273
6.9574
7.3658
7.1763
6.9081
8.3649
7.18
6.7534
6.6581
7.0516
6.9351
6.0424
6.3794
6.3565
6.537
7.5785
7.0975
6.8894
6.9643
7.0087
8.376
6.7354
6.1113
7.495
7.0724
6.7324
6.2963
6.911
6.6174
6.8804
7.3
8.1999
7.4459
6.8649
7.1311
6.3031
6.2083
6.5043
7.0023
7.1118
6.7612
6.7769
6.724
6.9715
6.9108
7.1221
8.0555
6.5824
6.9379
6.4204
6.6585
6.6766
7.1894
9.0009
6.3727
6.5423
5.9342
7.5389
6.7499
6.5048
6.7602
7.6562
7.7896
6.7428
6.8566
5.941
6.6732
6.4574
7.1022
6.6286
6.7332
7.193
6.7539
7.3349
7.4881
6.7801
7.3792
7.0625
7.9056
6.4098
6.1932
6.8005
6.8435
6.5213
6.9228
7.3132
8.1046
6.6514
6.6798
6.4626
6.3873
8.1311
8.0956
6.3324
6.3234
6.6153
6.2156
7.0705
7.1745
7.3193
7.0746
7.1553
6.7109
7.2971
7.2063
6.9364
10.5136
9.4318
6.7632
9.4572
8.3089
7.2119
6.9974
