0.006
18.3164
21.8967
23.0838
19.2795
22.3682
23.3914
19.8288
21.8273
19.8664
20.4118
19.2944
20.012
21.3491
20.6099
20.827
22.3139
21.8234
22.9795
20.3835
20.4653
20.8951
21.6233
22.1282
20.1501
21.0415
20.2995
21.7823
30.8721
22.1609
21.1492
20.8842
21.3229
25.5517
24.6132
25.6622
21.6136
24.9825
22.2612
24.0534
24.6899
20.962
24.0904
26.7908
21.2214
25.3987
25.7025
25.1722
25.0024
20.7489
21.8462
28.9488
22.2317
22.1962
21.8086
27.248
22.4517
25.0972
25.4427
24.4084
22.1617
24.3361
25.0018
25.361
25.3824
22.4847
21.0758
22.7299
24.1925
21.2373
21.8937
22.2595
23.4987
24.0702
24.1115
21.3298
22.7995
21.9903
20.8161
21.8916
22.3432
21.2129
23.9805
21.479
22.9284
24.133
22.5871
25.9893
22.5132
22.2047
26.7574
27.1268
27.0754
21.0447
20.6579
27.9544
23.8607
20.8998
21.1365
22.286
23.0961
21.5845
23.5312
21.2715
20.8725
21.5515
22.1328
22.1332
22.9432
24.6389
21.2228
24.8066
20.9482
21.4275
23.2215
23.0004
21.9162
22.3294
21.5642
25.9894
20.8842
20.9365
22.6261
21.1495
25.0096
21.727
21.6366
21.8438
20.9648
24.6181
25.2151
22.4906
20.5448
19.7006
20.7425
20.9712
22.2977
20.0547
20.3484
24.0584
19.653
20.0941
19.8171
20.489
24.7541
23.0929
21.7888
19.9394
20.4447
21.7253
20.1928
19.5093
19.1423
19.2661
19.8394
19.994
19.9914
19.1977
21.7031
23.1915
21.9105
24.0638
20.4072
21.5834
22.357
17.8711
22.8687
17.8422
19.4154
23.1764
19.5276
19.8072
16.9335
20.2571
18.6368
17.8489
18.1173
20.0464
18.5537
16.58
19.0591
16.8193
16.784
16.3943
18.8265
17.0012
16.8769
16.7773
17.0445
16.4022
16.552
16.4327
19.8581
17.0088
15.904
16.1561
16.5571
15.2049
16.9152
16.919
15.9676
16.9771
16.2719
14.6615
17.5957
18.6672
15.8572
15.33
17.0158
17.1019
15.7169
20.0936
21.811
14.8025
14.9667
16.6482
15.6384
20.2457
15.8982
17.3299
16.0188
19.9786
17.6821
18.6216
16.6851
16.514
15.772
18.2333
15.7666
18.8207
16.193
17.5677
15.1458
15.7226
14.6818
14.9117
15.3577
17.0814
15.2219
15.5731
16.0053
19.7399
79.4054
15.9974
16.2563
16.2183
14.894
14.9039
16.3526
14.9258
14.9958
16.967
16.5091
15.3066
16.2132
15.6498
16.3966
14.8059
15.5307
15.3178
16.0569
15.3758
14.9081
15.6106
21.5487
15.9475
15.4425
15.0739
15.206
15.8731
15.3022
15.3646
14.7299
16.9123
15.6509
16.6895
19.2704
21.9519
15.3083
15.0232
15.5703
18.7687
21.7841
20.5876
23.2525
15.3649
15.0565
14.9715
16.4812
18.2259
21.3114
20.4003
18.2038
19.1695
14.9883
17.2307
16.5459
18.6083
15.3958
18.5719
17.6912
21.034
15.193
16.1157
15.1867
15.9177
16.6682
15.8605
14.7029
18.7977
15.2264
16.2531
15.8637
17.1166
19.7575
16.1785
15.9209
16.9574
15.7728
15.8999
15.7623
15.7763
20.352
15.9783
19.5692
15.8857
18.9578
16.1151
15.7313
16.2259
15.4183
17.8492
18.2254
16.8923
15.5232
15.2947
16.0286
16.0877
15.3463
22.4878
15.7747
16.0305
15.982
16.8882
16.1127
16.6686
17.8591
17.7692
17.1973
25.285
27.2802
23.4696
22.8323
21.8755
16.8303
15.9149
15.8986
15.9705
15.9716
16.1552
16.2147
16.2517
15.9476
16.6325
19.2153
19.0395
15.465
19.5625
19.3678
16.2598
16.566
15.8612
15.7019
15.8478
17.6331
14.8951
16.4523
18.5743
16.2914
15.7824
16.417
16.7096
16.826
17.7412
20.1537
18.9781
19.0823
18.7651
19.8729
21.0688
19.9922
18.9215
23.6994
21.0727
26.6986
23.0741
26.8096
22.8398
26.6682
24.0275
20.9045
21.2433
21.1049
38.6872
31.8143
35.6367
35.8891
34.7585
34.7844
35.1348
41.0045
42.2253
32.5845
34.4706
33.984
29.1643
32.302
37.0468
42.006
43.1415
38.5822
37.3955
34.4886
43.9232
37.4118
42.6291
50.0212
62.8402
40.1187
37.2309
49.6642
135.469
32.6325
35.3474
35.1021
37.9434
33.0255
33.7878
34.4557
40.4297
38.4955
124.106
43.8635
36.4309
32.3677
33.2003
39.7664
44.4208
35.6196
40.1843
33.7206
29.1694
33.9073
40.2387
30.6896
24.8627
38.0329
38.6898
33.4491
33.1531
32.1239
30.2431
30.2177
31.0297
34.5902
38.1122
31.3996
28.0845
34.9554
32.9574
31.8712
37.822
33.9065
35.2195
34.8526
33.8721
35.0394
32.5093
31.6948
30.868
31.1309
39.471
29.1794
112.725
33.7003
30.7764
28.3978
30.7348
29.4438
28.1077
29.4808
28.0496
30.5526
33.1392
28.0782
27.2343
29.9752
29.494
28.1276
27.7544
24.6517
26.4439
23.7439
26.0541
28.0958
25.8358
19.139
24.7806
23.2821
27.1056
26.2887
25.6539
26.7262
36.5335
33.885
28.4274
28.8214
28.0547
26.4306
26.7762
28.3027
27.1557
27.9807
26.3073
27.7837
24.8694
25.1099
24.5385
26.0991
26.2085
25.5944
22.2129
22.2707
24.3838
24.2722
21.8259
24.7551
20.6924
25.6156
22.7446
21.285
23.7658
21.2862
24.4901
23.9312
23.1224
23.8736
24.2705
23.5514
23.8786
24.5396
22.8431
22.7748
23.3764
23.9475
21.9079
21.8838
23.0933
22.2711
20.7714
23.4205
21.0747
21.6818
21.811
22.5134
20.3364
21.4471
21.0304
21.1421
20.331
18.1661
19.363
20.4223
20.6915
20.2149
21.9547
22.2924
21.7105
21.4386
17.7487
17.1145
17.9979
21.9048
20.2521
20.5999
19.9052
21.0946
16.6054
17.4797
18.2607
20.8885
21.2481
15.1175
19.7948
18.5487
22.4092
19.6815
17.6681
20.0991
15.0659
19.501
21.2066
18.018
20.5008
19.3887
20.6958
18.6129
16.9853
19.9145
20.0466
21.039
19.0392
21.2574
19.9718
21.1725
21.0772
20.3323
20.4773
20.8021
20.5579
19.7096
17.52
18.7022
21.155
20.4838
20.4107
20.1798
21.9678
19.1982
19.8189
19.169
18.9628
20.448
19.4308
21.2733
18.6892
20.0584
18.1531
22.515
20.963
20.1133
20.0618
21.1891
19.8579
19.8738
20.0012
18.6621
21.8037
22.8768
20.0596
20.8621
21.0572
21.245
22.6528
17.9107
21.6085
17.8747
19.7579
21.7833
19.683
19.704
18.3301
18.3383
16.5433
16.0226
20.0835
19.4304
21.5459
15.4679
21.9272
19.574
20.8467
21.8817
20.9755
19
17.7345
19.6812
20.1329
18.1554
20.0562
20.5675
20.7039
19.584
18.3846
20.8154
16.7544
18.6431
20.693
18.7998
20.5021
20.6625
20.7426
20.4074
20.0237
21.2295
21.0155
20.3762
20.4544
19.8149
22.2092
21.4047
20.7686
20.5408
19.4749
21.326
21.5999
19.4725
20.1224
20.313
20.1161
20.151
21.3893
20.5008
21.2995
19.3316
19.8022
20.4903
20.9899
20.2481
20.0113
16.515
19.7228
19.5012
19.6816
17.3259
20.2117
20.3227
21.2759
19.927
19.7254
20.49
16.5343
15.4066
21.7787
19.5465
19.8171
18.1152
21.3871
18.8738
21.7842
19.8084
19.5617
16.9067
22.2903
20.6247
18.6534
19.3283
19.3663
18.226
20.1777
16.1722
20.9478
20.2331
20.4864
23.0419
19.912
21.3268
20.9219
19.4429
19.9848
20.5144
20.261
15.7904
20.7095
23.0525
19.9305
18.1985
19.3933
16.7435
20.5249
20.5991
20.7386
16.6705
20.2504
20.8795
20.2365
19.1352
21.968
18.7026
19.4317
18.3788
21.122
21.949
22.3554
19.943
20.0631
23.3315
21.0611
21.3729
20.7586
19.6787
23.0202
17.7239
19.0666
22.7332
21.4162
21.4536
21.2128
20.7163
19.3804
20.7749
21.9077
20.5495
21.8035
22.5278
22.1531
22.6997
23.4076
20.2761
21.8461
21.9528
20.7015
21.9776
21.0778
24.1261
20.9694
23.0119
22.2164
25.9934
23.6657
24.7101
25.864
22.1296
25.8428
27.8683
22.4834
25.9674
23.3358
35.0858
24.5225
21.6864
27.6732
28.3929
32.4982
31.3378
30.639
28.3478
29.2275
44.241
25.3916
25.7613
29.5578
28.7859
21.0567
27.6677
69.9926
42.6439
34.7443
26.425
26.3086
33.0704
29.6957
26.0388
26.2545
25.4798
27.5983
19.0936
28.6783
28.684
28.2484
22.1709
23.7395
25.9441
22.5092
20.0075
19.7909
20.6869
21.247
23.0533
18.8914
18.1419
23.371
23.8738
21.1044
21.5495
19.01
23.3315
25.4177
20.5132
23.6004
23.77
20.4262
23.4332
22.9957
