0.007
41.5719
52.1523
42.7689
46.8097
36.9509
35.3902
32.5812
31.593
30.7986
30.2668
30.7685
33.7314
31.6328
30.8976
31.5246
31.5171
30.9791
32.2487
32.8847
30.62
31.8746
31.8511
30.8655
30.7069
33.0157
30.5542
30.4899
30.5265
30.8378
30.6263
31.875
33.2235
31.0036
32.9768
32.8607
37.9858
31.3843
38.6841
37.6135
31.1187
35.6491
35.9429
32.8971
43.0824
35.3135
31.255
31.5741
31.2802
30.4247
37.3786
33.8106
32.4005
33.0819
32.3494
31.6534
31.5881
33.8587
33.5222
32.0281
34.6293
32.0459
34.8976
37.9756
32.1316
33.4989
32.6968
32.0873
32.3471
34.7283
34.1587
32.936
33.2016
33.0279
32.2218
39.3211
33.3098
32.9815
36.1655
33.4374
32.0602
33.2766
33.994
31.6386
31.4548
31.5877
31.0937
30.6247
32.7109
30.5707
30.826
30.4706
30.1431
30.1613
32.4736
35.585
36.4008
32.2808
35.6776
33.5057
35.8315
34.9559
33.195
34.2151
33.7089
32.299
32.6706
31.3249
34.7538
31.396
30.8292
30.7607
30.1138
30.5645
38.316
33.4842
45.5181
52.8528
42.5167
42.0578
33.4171
32.2843
33.2122
32.3152
31.7374
31.5669
35.3058
32.6074
32.4389
33.1053
33.9165
31.3082
32.9753
35.3016
32.2022
30.7228
30.0559
29.986
29.8902
31.8646
31.626
30.4701
30.4352
31.0221
30.6599
30.2578
34.1282
29.7739
29.5489
29.7701
30.8308
82.0753
30.3635
31.0401
31.1699
30.785
30.3733
29.5388
34.4569
29.7977
29.8909
28.7793
32.9793
29.5765
29.6566
33.0401
31.1552
31.6227
30.0961
30.5935
30.0748
29.5788
33.2373
29.7939
30.0826
34.3737
29.1576
29.2331
29.1091
31.4909
28.2294
28.6624
28.5165
30.7878
29.6037
29.0675
30.3535
28.5369
28.4901
28.721
29.3165
29.9898
30.1771
32.0161
29.2929
29.9896
28.5039
34.6156
30.2776
28.5314
32.3694
29.7153
30.2443
30.5369
31.4801
29.8322
29.8063
34.3952
31.018
32.1127
31.1825
29.642
29.2569
33.2759
36.6609
30.6597
29.6063
31.0337
30.5837
29.8
30.5677
33.5332
30.8403
29.8716
30.1264
30.06
29.7664
30.1265
32.7262
29.848
29.6983
31.1757
29.4723
30.4401
33.2763
32.75
30.8915
33.6152
31.8917
30.854
31.8746
33.6299
31.102
31.038
31.6533
32.3938
32.8162
33.4365
35.9276
33.5299
32.7483
35.552
33.3328
35.8931
34.5835
35.5262
34.6708
34.9856
36.0239
40.2855
40.0337
38.0409
38.1681
37.0166
39.2735
37.9551
37.8999
38.6418
38.1584
37.7517
44.1379
39.2927
39.5295
36.6429
35.9589
35.8778
38.8592
41.3724
43.8273
35.4757
36.4494
40.8775
35.7218
35.7022
37.8918
35.8416
36.9068
38.8989
36.1953
35.5277
35.3338
34.9004
34.9321
37.2175
35.1216
35.0173
36.1526
34.5786
34.1234
37.0275
34.4813
33.6858
36.9131
35.6826
37.6792
37.6272
33.158
33.2401
34.4203
34.7886
32.7885
35.7978
34.3637
32.7991
32.5976
33.8759
32.7093
32.3074
35.9532
32.2309
32.3168
31.8872
31.6784
31.8488
34.8557
31.3297
31.2251
31.0503
31.6672
31.1219
35.591
32.5334
31.1992
31.3365
31.217
31.4418
31.5559
33.1796
31.2383
31.7655
31.2398
35.2963
31.3264
34.3025
32.0567
31.3111
30.6069
31.5884
30.6584
31.0444
33.5319
30.9001
31.0049
30.7734
30.6848
30.2248
32.8313
30.6035
30.2947
29.8558
29.8642
29.8511
29.7943
32.1243
29.4241
29.816
29.7915
30.554
29.8173
30.0845
36.4322
29.7966
29.8062
30.6077
30.5441
31.0897
30.9428
36.6342
31.6039
31.8262
30.7986
30.4243
30.3202
75.9191
30.3879
30.849
30.5943
30.2026
30.4072
32.8552
32.0674
31.6441
30.356
31.7304
31.2278
32.3052
32.8176
32.0289
31.2299
31.5561
31.1247
30.9927
33.818
30.7131
30.8583
30.9083
31.6577
30.6199
30.6234
32.8267
31.9235
30.3074
30.306
30.1455
29.8636
30.1761
32.3266
29.5563
29.6889
29.6479
30.2326
29.6171
30.0983
35.2151
30.2239
30.0862
30.2412
30.3763
30.1297
29.8258
36.4386
33.3444
30.357
30.8458
37.1023
29.081
30.2017
31.5383
29.5373
29.6212
29.0508
28.8063
28.8746
29.2309
31.6305
28.9451
28.9304
29.082
29.1766
29.269
29.1691
33.8028
29.2217
29.8356
29.2524
29.1281
29.3211
28.9096
32.6352
28.7628
29.1893
29.8166
28.2042
28.4532
28.8432
34.8244
28.7517
28.906
29.6062
32.57
27.7567
28.0535
32.0937
28.8666
28.3116
28.4001
28.4251
28.6075
27.7834
30.9658
28.1363
28.1135
28.1935
30.9654
28.542
28.1031
28.0908
31.815
28.655
28.5353
27.944
28.5967
27.6882
28.1468
30.0744
28.7524
28.4152
28.177
27.6286
27.6894
27.75
29.6533
27.8487
28.3946
28.2959
28.149
27.4556
28.5007
29.8838
27.5259
29.1921
27.8483
28.4467
27.0695
27.4303
27.2006
31.6564
27.0035
26.9684
26.8382
26.9425
26.6625
26.7026
30.4999
27.5882
26.7432
26.6375
27.3146
26.8093
27.1285
27.3121
29.5894
27.266
27.0376
27.2652
27.579
27.407
27.2674
28.3857
27.701
28.0342
27.3324
27.2949
27.53
28.1256
27.4559
29.9478
27.2645
27.4023
28.2142
27.6843
27.2951
27.2531
28.9173
27.867
27.1761
27.2873
27.9445
27.2527
27.3328
28.8496
27.4623
27.323
27.3815
26.9609
26.6259
26.8305
27.1754
29.7013
27.8069
27.2598
26.912
27.0562
27.1683
27.0345
26.5904
29.3189
27.4593
27.3776
27.4846
27.4133
27.255
27.3856
29.0769
28.5478
27.2475
27.9615
26.6907
27.0237
26.9919
26.6592
33.8224
27.5378
27.3843
27.2465
31.1822
27.9024
29.4875
32.6492
27.2526
27.0095
27.0222
27.1057
26.9443
27.9168
29.957
27.6166
26.745
26.971
27.0244
27.2768
26.7573
27.0389
30.1923
26.784
26.9979
27.1067
27.2479
26.7007
28.065
29.1576
27.7647
26.0712
26.407
26.6984
26.213
26.1915
26.094
31.5307
26.2178
28.7367
26.3429
27.9121
28.7931
28.3102
27.8519
